acc = 0.8092
eval_loss = 0.6378619828896158
global_step = 1563
loss = 1.5426084854171127
